# modi, int
7,6,5,4,3,2,1

# theta, (12f6.6)
000000,011300,022600,033900,045100,056400,067600,078900,090100,101300,112500,123600,
134800,145900,156900,168000,179000,190000,200900,211800,222700,233500,244300,255000,
265700,276300,286900,297400,307900,318300,328600,338900,349100,359300,369400,379400,
389300,399200,409000,418700,428400,438000,447500,456900,466200,475500,484700,493700,
502700,511700,520500,529200,537900,546500,554900,563300,571600,579800,587900,595900,
603900,611700,619400,627000,634600,642000,649400,656600,663800,670800,677800,684700,
691400,698100,704700,711200,717500,723800,730000,736100,742100,748000,753800,759500,
765100,770700,776100,781400,786700,791800,796900,801900,806800,811600,816300,820900,
825400,829900,834200,838500,842700,846800,850800,854800,858600,862400,866100,869800,
873300,876800,880200,883500,886800,890000,893100,896100,899100,902000,904800,907600,
910300,913000,915500,918100,920500,922900,925200,927500,929700,931900,934000,936100,
938100,940000,941900,943800,945700,947300,949000,950700,952300,953800,955400,956900,
958300,959700,961100,962400,963700,964900,966100,967300,968400,969500,970600,971600,
972600,973600,974500,975500,976300,977200,978000,978800,979600,980400,981100,981800,
982500,983200,983800,984400,985000,985600,986100,986700,987200,987700,988200,988600,
989100,989500,989900,990300,990700,991100,991500,991800,992200,992500,992800,993100,
993400,993700,993900,994200,994400,994700,994900,995100,995300,995500,995700,995900,
996100,996300,996400,996600,996700,996900,997000,997200,997300,997400,997500,997600,
997700,997900,997960,998050,998140,998230,998320,998400,998480,998550,998620,998680,
998740,998800,998850,998910,998960,999010,999060,999100,999140,999180,999230,999270,
999300,999340,999370,999400,999440,999470,999500,999530,999560,999580,999600,999630,
999650,999670,999690,999700

# z1, z2, (6(f3.2,f9.8)/f3.2,f9.8,e6.2,f9.8)
255,099970000,263,099980000,275,099990000,313,099999000,346,099999900,377,099999990,
406,099999999,100E30,100000000

# delta, v3, a10, a20, a17, a30, a35, bf, sqpi, epsi, vitlim, alea, alim
# (f3.0,f3.3,5f3.1,f2.0,f8.7,f8.8,f4.2,f8.8,f5.2)
040,050,100,200,177,300,355,63,17724539,01000000,7100,10000000,12000

# kt1, kt2, kw, knl, ktr, kte, kr1, gtna, gtns, nt[ktr], (5i3,2i2,2f6.0,12i2)
000,015,050,050,012,07,20,001600,025000,12,01,01,02,03,09,02,02,01,01,02,02

# ktest3, ktest1, ktest2, (3i3)
000,000,000

# hamin, hamax, hbmin, hbmax, gn, pn, (5(5f2.0,f3.3))
nt[1]=12
01,01,00,00,10,070,01,01,00,00,10,090,01,01,00,00,10,120,01,01,00,00,10,110,01,01,00,00,10,090,
01,01,00,00,10,120,01,01,00,00,10,080,01,01,00,00,10,080,01,01,00,00,10,120,01,01,00,00,10,080,
01,01,00,00,15,020,01,01,00,00,20,020

# nt[2]=1
17,55,00,00,10,999

# nt[3]=1
39,75,00,00,15,999

# nt[4]=2
29,71,00,00,20,600,17,54,00,00,10,400

# nt[5]=3
34,85,00,00,15,400,15,63,00,00,15,400,19,53,00,00,10,200

# nt[6]=9
39,75,00,00,15,150,29,71,00,00,10,090,17,54,00,00,07,090,17,55,00,00,10,090,33,63,00,00,10,090
19,53,00,00,10,070,10,13,00,00,10,200,34,85,00,00,15,200,15,63,00,00,15,020

# nt[7]=2
00,00,34,67,00,500,00,00,15,48,00,500

# nt[8]=2
00,00,34,67,00,500,00,00,15,48,00,500

# nt[9]=1
00,00,32,68,10,999

# nt[10]=1
00,00,33,63,10,999

# nt[11]=2
00,00,19,53,10,800,00,00,10,13,07,200

# nt[12]=2
00,00,34,87,15,500,00,00,15,72,15,500

# e[12, 7] (12f2.2) 
25,08,04,08,01,13,09,
08,07,16,02,01,01,10,
03,03,04,20,01,01,10,
02,05,03,25,01,01,12,
03,35,03,15,01,15,05,
02,10,03,02,10,39,07,
02,02,02,03,15,02,07,
02,02,02,02,41,02,07,
03,09,03,17,04,16,09,
03,13,20,03,20,05,09,
02,05,28,01,03,04,09,
45,01,12,02,02,01,06
