 JW=  1    A=    9.13    NA=    95
 Q(1)=0.12/0.04/0.04/0.05/0.12/0.29/0.04/0.04/0.14/0.06/0.06/0.03/




N START CLASS INSTRM PITCH GLISS1 GLISS2 GLISS3 DURATION DYNAM
 1 0.00    7    1    34.0     0.0    0.0    0.0   0.00      3
 2 0.10   10    1    43.2     0.0    0.0    0.0   0.41     50
 3 0.11    6    8    81.3     0.0    0.0    0.0   0.63     21
 4 0.13    6    3    47.0     0.0    0.0    0.0   0.18     10
 5 0.18    1    4     0.0     0.0    0.0    0.0   1.90     29
 6 0.25    9    1    48.7     0.0    0.0    0.0   1.51     35
 7 0.33    6    7    11.4     0.0    0.0    0.0   0.37     42
 8 0.34    9    1    38.1     0.0    0.0    0.0   0.00     59
 9 0.40    1    1     0.0     0.0    0.0    0.0   2.20     45
10 0.41    6    9    55.0     0.0    0.0    0.0   1.07      0
11 0.76    6    7    11.5     0.0    0.0    0.0   0.40      7
12 0.90    8    2    23.2     0.0    0.0    0.0   0.00     19
13 1.00    7    2    26.9     0.0    0.0    0.0   0.00      6
14 1.09   10    1    46.2     0.0    0.0    0.0   0.32     57
15 1.09    6    2    68.5     0.0    0.0    0.0   0.71     25
16 1.23    6    3    46.9     0.0    0.0    0.0   0.64     32
17 1.42    6    1    44.0     0.0    0.0    0.0   0.44      1
18 1.57   10    1    36.2     0.0    0.0    0.0   0.22     21
19 1.65    4    2    32.5     0.0    0.0    0.0   1.09     13
20 1.78    6    8    72.6     0.0    0.0    0.0   0.06     60
21 1.92    6    3    38.9     0.0    0.0    0.0   0.55     60
22 1.94    5    1    74.6    71.0  -25.0  -71.0   0.80     62
23 2.18    4    1    32.6     0.0    0.0    0.0   1.50     50
24 2.18    6    6    50.9     0.0    0.0    0.0   0.60     26
25 2.19    1   12     0.0     0.0    0.0    0.0   4.58     24
26 2.20    9    1    49.3     0.0    0.0    0.0   0.02     58
27 2.23    9    1    51.0     0.0    0.0    0.0   0.22     13
28 2.32    7    1    36.9     0.0    0.0    0.0   0.00     43
29 2.33    4    1    31.8     0.0    0.0    0.0   1.38     56
30 2.54    1    6     0.0     0.0    0.0    0.0   0.28     14
31 2.57   11    2    12.2     0.0    0.0    0.0   1.69     40
32 2.71    9    1    48.5     0.0    0.0    0.0   0.37     55
33 2.80    1    5     0.0     0.0    0.0    0.0   1.50     58
34 3.28    5    2    15.4    49.0    5.0  -31.0   0.52     21
35 3.33    1    7     0.0     0.0    0.0    0.0   1.38      8
36 3.38    5    2    47.3   -71.0  -17.0   46.0   1.05      4
37 3.55   10    1    37.6     0.0    0.0    0.0   0.14     24
38 3.56    1    9     0.0     0.0    0.0    0.0   1.30      0
39 3.60    9    1    64.3     0.0    0.0    0.0   0.19     12
40 3.64   12    2    52.2     0.0    0.0    0.0   3.72      9
41 3.65    6    5    59.0     0.0    0.0    0.0   0.83     28
42 3.71    5    3    38.8    25.0    2.0  -15.0   0.00     11
43 3.80    6    8    75.6     0.0    0.0    0.0   0.43     17
44 3.87    6    2    51.5     0.0    0.0    0.0   0.77     57
45 3.89    6    7    12.1     0.0    0.0    0.0   0.39      2
46 4.15    5    2    43.0   -71.0   24.0   71.0   1.16      2
47 4.15    5    1    80.3    36.0    4.0   22.0   0.85     50
48 4.25    9    1    59.9     0.0    0.0    0.0   0.10     10
49 4.31   12    2    40.1     0.0    0.0    0.0   2.49     33
50 4.33    1   10     0.0     0.0    0.0    0.0   0.46     34